8.21442226817984
8.54805587614605
8.25638453152519
7.71920327820256
7.41036167265628
8.73508514303859
9.11817342361149
7.46919050534354
7.94285257939449
6.16197497277071
6.8286771974618
7.75500616574147
6.8130276452602
8.23593136962916
7.66272640244608
7.0052830102696
8.33042875585408
9.68859572164182
8.46127980809065
9.66712689375426
6.35314922832621
6.08478590074546
9.30797223789893
6.68945713313146
8.3640012584045
7.75325300736925
9.14241628207938
7.01996193932463
10.0937382585151
7.59971143502403