6.9923418354336
7.50881848004775
7.85370188796143
6.69231319779507
6.02683224775508
8.38214125811047
9.01233650205676
8.23410876378482
8.06759535095476
8.39017414416249
9.74544274128628
9.51790396554595
9.5827404071061
8.04715441471242
6.80728500315479
8.88876203626725
7.05478729402688
8.2542908208173
8.87573042316973
7.96598899291592
7.39323913163586
9.79995973306375
7.84199411556605
7.73799674217517
9.58273405270578
7.55754549553927
8.75459879125936
6.21930291235085
6.68029082367257
6.88359880650544